% time     seconds  usecs/call     calls    errors syscall
------ ----------- ----------- --------- --------- ------------------
 63.01  154.614021        3300     46844      2158 futex
 21.93   53.814017          85    628950     14865 sendfile
  8.01   19.656003         651     30177           epoll_wait
  1.80    4.412802          76     57850           recvfrom
  1.45    3.563485      509069         7           restart_syscall
  1.22    3.005232          79     37828           sendto
  0.73    1.795099          93     19110           writev
  0.61    1.507975          80     18714           dup
  0.53    1.311381          69     18751           close
  0.40    0.971941          65     14865           poll
  0.21    0.515279          83      6200           sched_yield
  0.08    0.185355          73      2526           write
  0.00    0.004743          79        60           setsockopt
  0.00    0.004266         177        24           fdatasync
  0.00    0.003624         100        36           mprotect
  0.00    0.003598          89        40           rt_sigprocmask
  0.00    0.003477          96        36           mmap
  0.00    0.003221         268        12           clone3
  0.00    0.002371          84        28           sigaltstack
  0.00    0.002322          64        36           epoll_ctl
  0.00    0.001950          88        22         4 accept4
  0.00    0.001226          94        13           sched_getaffinity
  0.00    0.001213         101        12           rseq
  0.00    0.001085          90        12           gettid
  0.00    0.001035          86        12           prctl
  0.00    0.001031         103        10           munmap
  0.00    0.001031          42        24           pwrite64
  0.00    0.000990          82        12           set_robust_list
  0.00    0.000723          36        20           openat
  0.00    0.000642          32        20           pread64
  0.00    0.000484         121         4           madvise
  0.00    0.000178          88         2           fcntl
  0.00    0.000105         105         1         1 connect
  0.00    0.000066          65         1           getsockname
  0.00    0.000061          61         1           socket
  0.00    0.000044          44         1           getsockopt
  0.00    0.000031          30         1           getpeername
------ ----------- ----------- --------- --------- ------------------
100.00  245.392108         278    882262     17028 total
