% time     seconds  usecs/call     calls    errors syscall
------ ----------- ----------- --------- --------- ------------------
 93.41  345.822445        5546     62346      1278 futex
  1.95    7.205725         233     30803           fdatasync
  1.14    4.232716        1359      3114         2 openat
  0.68    2.499045          67     37098           sendto
  0.65    2.400628          58     40791           recvfrom
  0.61    2.240011          60     37190           write
  0.56    2.065853          57     36074           pwrite64
  0.45    1.682114        1259      1336           epoll_wait
  0.41    1.516658         734      2064           fsync
  0.05    0.179735          82      2184           close
  0.05    0.171563         164      1040           rename
  0.02    0.070999          86       823           sched_yield
  0.02    0.055611        6951         8           syncfs
  0.00    0.018123          62       288           setsockopt
  0.00    0.011446          62       182           mprotect
  0.00    0.010864          56       192           epoll_ctl
  0.00    0.006754          68        99         3 accept4
  0.00    0.006717          54       123           rt_sigprocmask
  0.00    0.005148          56        91           mmap
  0.00    0.005062         158        32           clone3
  0.00    0.004274         133        32           getrandom
  0.00    0.003825          42        91           sigaltstack
  0.00    0.002377          49        48           munmap
  0.00    0.001685          52        32           set_robust_list
  0.00    0.001668          50        33           sched_getaffinity
  0.00    0.001589          49        32           gettid
  0.00    0.001571          49        32           rseq
  0.00    0.001469          45        32           prctl
  0.00    0.001186          43        27           madvise
  0.00    0.000786          49        16           getdents64
  0.00    0.000346          43         8           newfstatat
  0.00    0.000108          54         2           brk
------ ----------- ----------- --------- --------- ------------------
100.00  370.228101        1444    256263      1283 total
