% time     seconds  usecs/call     calls    errors syscall
------ ----------- ----------- --------- --------- ------------------
 70.44   48.607309         536     90593      6514 futex
 10.02    6.913571         303     22744           epoll_wait
  8.59    5.930545         218     27142           fdatasync
  2.22    1.534545          45     33892           write
  1.67    1.154967          42     27162           pwrite64
  1.65    1.141603         557      2048           fsync
  1.44    0.996093          59     16653           openat
  0.98    0.676880          49     13581           sendto
  0.96    0.659044          44     14912           recvfrom
  0.94    0.648692          41     15713           close
  0.86    0.590830          43     13581           pread64
  0.11    0.077268          75      1024           rename
  0.06    0.041360          43       960           mprotect
  0.02    0.012666          50       252           setsockopt
  0.01    0.008094          48       168           epoll_ctl
  0.01    0.007151          39       183           sched_yield
  0.01    0.004524          52        87         3 accept4
  0.00    0.000414          51         8           brk
  0.00    0.000342          57         6           mmap
  0.00    0.000316          39         8           rt_sigprocmask
  0.00    0.000259         129         2           clone3
  0.00    0.000197          32         6           sigaltstack
  0.00    0.000120          59         2           getrandom
  0.00    0.000104          51         2           gettid
  0.00    0.000103          34         3           munmap
  0.00    0.000083          41         2           rseq
  0.00    0.000079          39         2           prctl
  0.00    0.000079          39         2           sched_getaffinity
  0.00    0.000071          35         2           madvise
  0.00    0.000064          31         2           set_robust_list
------ ----------- ----------- --------- --------- ------------------
100.00   69.007372         245    280742      6517 total
