% time     seconds  usecs/call     calls    errors syscall
------ ----------- ----------- --------- --------- ------------------
 58.55   83.542504          88    945831     77570 sendfile
 28.04   40.018298         623     64203      1254 futex
  3.99    5.691971          73     77570           poll
  2.51    3.584100          76     47159           epoll_wait
  1.37    1.953888          73     26470           close
  1.25    1.784490          67     26453           sendto
  1.18    1.683676          62     27077           recvfrom
  1.13    1.608172          60     26449           dup
  0.72    1.020860      510430         2           restart_syscall
  0.68    0.976033          97     10017           sched_yield
  0.54    0.774066          68     11242           write
  0.00    0.007014         146        48           rt_sigprocmask
  0.00    0.006809         141        48           mmap
  0.00    0.006706         139        48           mprotect
  0.00    0.006640         414        16           clone3
  0.00    0.006135         120        51           setsockopt
  0.00    0.004041         126        32           sigaltstack
  0.00    0.002990         149        20         3 accept4
  0.00    0.002694          79        34           epoll_ctl
  0.00    0.002427         142        17           sched_getaffinity
  0.00    0.002356         147        16           gettid
  0.00    0.002244         140        16           rseq
  0.00    0.002128         133        16           set_robust_list
  0.00    0.002015         125        16           prctl
  0.00    0.001580         197         8           fdatasync
  0.00    0.001123         140         8           munmap
  0.00    0.000261          32         8           pwrite64
  0.00    0.000174          43         4           pread64
  0.00    0.000151          37         4           openat
------ ----------- ----------- --------- --------- ------------------
100.00  142.695545         112   1262883     78827 total
