% time     seconds  usecs/call     calls    errors syscall
------ ----------- ----------- --------- --------- ------------------
 77.07   70.468778        1074     65600      2274 futex
 11.51   10.520421         459     22882           epoll_wait
  4.78    4.370374         238     18356           fdatasync
  1.62    1.482673          49     30044           write
  1.19    1.085316         529      2048           fsync
  1.01    0.927397          75     12250           openat
  0.81    0.738820          40     18356           pwrite64
  0.51    0.466185          50      9178           sendto
  0.49    0.452434          45     10053         1 recvfrom
  0.47    0.425498          37     11298           close
  0.39    0.356226          38      9178           pread64
  0.08    0.073692          71      1024           rename
  0.04    0.033475          45       735           mprotect
  0.01    0.011908          55       216           setsockopt
  0.01    0.007675          47       163           sched_yield
  0.01    0.007322          50       144           epoll_ctl
  0.01    0.004948          65        75         3 accept4
  0.00    0.000911         227         4           clone3
  0.00    0.000800          66        12           mmap
  0.00    0.000760          47        16           rt_sigprocmask
  0.00    0.000552          46        12           sigaltstack
  0.00    0.000478          53         9           brk
  0.00    0.000240          59         4           rseq
  0.00    0.000239          39         6           munmap
  0.00    0.000203          50         4           sched_getaffinity
  0.00    0.000193          48         4           getrandom
  0.00    0.000192          48         4           set_robust_list
  0.00    0.000184          46         4           gettid
  0.00    0.000173          43         4           prctl
  0.00    0.000148          37         4           madvise
------ ----------- ----------- --------- --------- ------------------
100.00   91.438216         431    211687      2278 total
