% time     seconds  usecs/call     calls    errors syscall
------ ----------- ----------- --------- --------- ------------------
 63.70   24.581729        2215     11094      1841 futex
  9.15    3.532567          47     73895           sendto
  8.45    3.261675          40     81348           recvfrom
  7.57    2.921348          38     75444           write
  6.97    2.688249         546      4919           epoll_wait
  2.90    1.118396         480      2328           fdatasync
  0.28    0.108084          91      1185           openat
  0.27    0.103692          44      2324           pwrite64
  0.22    0.086217         305       282         6 accept4
  0.15    0.059788          40      1460           close
  0.13    0.050041          43      1162           pread64
  0.08    0.031672          38       828           setsockopt
  0.06    0.023470          42       552           epoll_ctl
  0.03    0.012535          38       328           mprotect
  0.01    0.005302         530        10           fsync
  0.01    0.003120          43        72           read
  0.00    0.000611          38        16           brk
  0.00    0.000487          40        12           statx
  0.00    0.000257          42         6           sched_yield
  0.00    0.000216          54         4           fallocate
  0.00    0.000214          53         4           ftruncate
  0.00    0.000153         152         1           clone3
  0.00    0.000108          27         4           rt_sigprocmask
  0.00    0.000085          28         3           mmap
  0.00    0.000073          24         3           sigaltstack
  0.00    0.000046          45         1           rename
  0.00    0.000033          32         1           rseq
  0.00    0.000032          31         1           set_robust_list
  0.00    0.000027          26         1           munmap
  0.00    0.000026          26         1           sched_getaffinity
  0.00    0.000026          26         1           madvise
  0.00    0.000025          24         1           prctl
  0.00    0.000024          24         1           getrandom
  0.00    0.000024          23         1           gettid
------ ----------- ----------- --------- --------- ------------------
100.00   38.590351         149    257293      1847 total
