% time     seconds  usecs/call     calls    errors syscall
------ ----------- ----------- --------- --------- ------------------
 80.06  216.861763        2587     83796      1553 futex
 11.16   30.227815        1431     21120           epoll_wait
  2.24    6.057656         258     23428           fdatasync
  1.41    3.830208         623      6144           fsync
  1.32    3.573439          59     60381           openat
  0.80    2.177079          37     57375           close
  0.79    2.142567          48     44000           write
  0.68    1.852086          36     51165           pread64
  0.55    1.495226          43     34240           pwrite64
  0.38    1.032455          54     19056           recvfrom
  0.32    0.879505          63     13929           sendto
  0.11    0.304753          99      3072           rename
  0.11    0.286860          77      3696           writev
  0.04    0.095664          58      1627           mprotect
  0.01    0.036358          74       488           sched_yield
  0.00    0.012514          55       225           setsockopt
  0.00    0.006661          48       138           epoll_ctl
  0.00    0.004327          57        75         6 accept4
  0.00    0.001927          53        36           rt_sigprocmask
  0.00    0.001748          64        27           mmap
  0.00    0.001693         188         9           clone3
  0.00    0.001386          51        27           sigaltstack
  0.00    0.000742          82         9           rseq
  0.00    0.000620          68         9           getrandom
  0.00    0.000547          60         9           set_robust_list
  0.00    0.000511          39        13           munmap
  0.00    0.000497          55         9           sched_getaffinity
  0.00    0.000495          54         9           gettid
  0.00    0.000442          49         9           prctl
  0.00    0.000248          82         3         3 connect
  0.00    0.000237          26         9           madvise
  0.00    0.000229          38         6           fcntl
  0.00    0.000227          75         3           getsockname
  0.00    0.000220          43         5           brk
  0.00    0.000196          65         3           getsockopt
  0.00    0.000190          63         3           getpeername
  0.00    0.000160          53         3           socket
------ ----------- ----------- --------- --------- ------------------
100.00  270.889251         638    424156      1562 total
