% time     seconds  usecs/call     calls    errors syscall
------ ----------- ----------- --------- --------- ------------------
 54.77   22.676425         377     60128      6451 futex
 16.63    6.884127         201     34242           fdatasync
  8.42    3.487118         141     24596           epoll_wait
  5.64    2.332862          44     51986           write
  5.25    2.172133          55     39424           sendto
  4.87    2.016984          46     43533           recvfrom
  4.02    1.664488          42     39423           pwrite64
  0.12    0.050873         187       272         3 accept4
  0.09    0.037500          46       807           setsockopt
  0.05    0.022127          41       538           epoll_ctl
  0.04    0.014857          47       315           mprotect
  0.03    0.013336        4445         3           syncfs
  0.03    0.010855          35       306           close
  0.01    0.004524         452        10           fsync
  0.01    0.003499          48        72           read
  0.01    0.002123          54        39         1 openat
  0.00    0.001514        1513         1           unlink
  0.00    0.000846          84        10           rename
  0.00    0.000694          46        15         3 statx
  0.00    0.000442          36        12           getdents64
  0.00    0.000254          42         6           newfstatat
  0.00    0.000254          42         6           brk
  0.00    0.000248          41         6           sched_yield
  0.00    0.000235         117         2           clone3
  0.00    0.000214          35         6           mmap
  0.00    0.000214          35         6           rt_sigprocmask
  0.00    0.000124          31         4           sigaltstack
  0.00    0.000096          47         2           sched_getaffinity
  0.00    0.000073          72         1           fallocate
  0.00    0.000066          32         2           rseq
  0.00    0.000057          28         2           set_robust_list
  0.00    0.000055          27         2           gettid
  0.00    0.000054          26         2           prctl
  0.00    0.000038          37         1           ftruncate
  0.00    0.000034          34         1           munmap
  0.00    0.000025          25         1           getrandom
------ ----------- ----------- --------- --------- ------------------
100.00   41.399370         139    295782      6458 total
