% time     seconds  usecs/call     calls    errors syscall
------ ----------- ----------- --------- --------- ------------------
 52.93   82.805451          93    888921     74664 sendfile
 34.31   53.675733         895     59963      1181 futex
  3.80    5.948857          79     74664           poll
  2.24    3.498688          81     43016           epoll_wait
  1.26    1.969988          79     24807           close
  1.16    1.812038          73     24790           sendto
  1.09    1.707197          67     25375           recvfrom
  1.05    1.636753          66     24786           dup
  0.98    1.529710      509903         3           restart_syscall
  0.67    1.050005         103     10109           sched_yield
  0.49    0.760676          75     10043           write
  0.00    0.006158         410        15           clone3
  0.00    0.005945         132        45           mprotect
  0.00    0.005942         116        51           setsockopt
  0.00    0.005370         119        45           mmap
  0.00    0.005301         117        45           rt_sigprocmask
  0.00    0.003593         119        30           sigaltstack
  0.00    0.002800         350         8           fdatasync
  0.00    0.002696         134        20         3 accept4
  0.00    0.002505          73        34           epoll_ctl
  0.00    0.001899         126        15           gettid
  0.00    0.001849         123        15           rseq
  0.00    0.001637         109        15           set_robust_list
  0.00    0.001628         101        16           sched_getaffinity
  0.00    0.001544         102        15           prctl
  0.00    0.001014         126         8           munmap
  0.00    0.000328          40         8           pwrite64
  0.00    0.000224          55         4           openat
  0.00    0.000195         194         1           brk
  0.00    0.000157          39         4           pread64
------ ----------- ----------- --------- --------- ------------------
100.00  156.445881         131   1186871     75848 total
