% time     seconds  usecs/call     calls    errors syscall
------ ----------- ----------- --------- --------- ------------------
 93.49  345.427240        6019     57380      1168 futex
  2.04    7.551784         265     28403           fdatasync
  0.94    3.481327        1117      3114         2 openat
  0.69    2.540983          73     34724           sendto
  0.64    2.376505          62     38181           recvfrom
  0.61    2.262429          64     34830           write
  0.56    2.069848          61     33700           pwrite64
  0.45    1.677070        1315      1275           epoll_wait
  0.40    1.472826         713      2064           fsync
  0.06    0.205124          94      2181           close
  0.05    0.187004         179      1040           rename
  0.02    0.068488          91       749           sched_yield
  0.02    0.068216        8527         8           syncfs
  0.00    0.017745          63       279           setsockopt
  0.00    0.010473          56       187           mprotect
  0.00    0.009741          52       186           epoll_ctl
  0.00    0.007370          76        96         3 accept4
  0.00    0.006512          52       123           rt_sigprocmask
  0.00    0.005292         165        32           clone3
  0.00    0.005132          56        91           mmap
  0.00    0.004324         135        32           getrandom
  0.00    0.003911          42        91           sigaltstack
  0.00    0.002347          48        48           munmap
  0.00    0.001758          54        32           set_robust_list
  0.00    0.001707          53        32           rseq
  0.00    0.001576          47        33           sched_getaffinity
  0.00    0.001443          45        32           prctl
  0.00    0.001333          41        32           gettid
  0.00    0.001121          41        27           madvise
  0.00    0.000757          47        16           getdents64
  0.00    0.000431          53         8           newfstatat
  0.00    0.000133          66         2           brk
------ ----------- ----------- --------- --------- ------------------
100.00  369.471949        1545    239028      1173 total
