% time     seconds  usecs/call     calls    errors syscall
------ ----------- ----------- --------- --------- ------------------
 93.81  349.615334        5543     63069      1254 futex
  1.95    7.268219         231     31444           fdatasync
  0.75    2.781447         896      3104         2 openat
  0.68    2.517489          66     37724           sendto
  0.64    2.396475          57     41404           recvfrom
  0.60    2.246463          59     37815           write
  0.56    2.072473          56     36700           pwrite64
  0.44    1.645939        1204      1366           epoll_wait
  0.42    1.554411         754      2060           fsync
  0.06    0.215568         102      2095           close
  0.04    0.165610         159      1036           rename
  0.02    0.090179          99       908           sched_yield
  0.01    0.040402        6733         6           syncfs
  0.00    0.018385          66       276           setsockopt
  0.00    0.009405          52       178           mprotect
  0.00    0.007842          71       109           epoll_ctl
  0.00    0.007573          79        95         3 accept4
  0.00    0.006418          50       126           rt_sigprocmask
  0.00    0.005618          60        93           mmap
  0.00    0.005102         154        33           clone3
  0.00    0.004276          45        93           sigaltstack
  0.00    0.004030         122        33           getrandom
  0.00    0.002473          52        47           munmap
  0.00    0.001760          53        33           set_robust_list
  0.00    0.001679          50        33           rseq
  0.00    0.001563          47        33           prctl
  0.00    0.001498          44        34           sched_getaffinity
  0.00    0.001380          41        33           gettid
  0.00    0.001145          42        27           madvise
  0.00    0.000526          43        12           getdents64
  0.00    0.000242          40         6           newfstatat
  0.00    0.000087          43         2           brk
------ ----------- ----------- --------- --------- ------------------
100.00  372.691011        1433    260027      1259 total
