% time     seconds  usecs/call     calls    errors syscall
------ ----------- ----------- --------- --------- ------------------
 57.15   81.788362          98    831643     55030 sendfile
 29.90   42.788434         759     56309      1068 futex
  3.16    4.516299          82     55030           poll
  2.17    3.110266          85     36344           epoll_wait
  1.40    2.005209          84     23714           close
  1.40    1.999456          84     23697           sendto
  1.27    1.819429          75     24258           recvfrom
  1.22    1.751912          73     23693           dup
  1.07    1.525917      508639         3           restart_syscall
  0.77    1.096446         110      9966           sched_yield
  0.47    0.673800          76      8812           write
  0.00    0.005179         369        14           clone3
  0.00    0.004966         118        42           rt_sigprocmask
  0.00    0.004965         118        42           mprotect
  0.00    0.004743          92        51           setsockopt
  0.00    0.004524         107        42           mmap
  0.00    0.002833         101        28           sigaltstack
  0.00    0.002469          72        34           epoll_ctl
  0.00    0.002256         282         8           fdatasync
  0.00    0.002156         107        20         3 accept4
  0.00    0.001777         126        14           set_robust_list
  0.00    0.001732         123        14           rseq
  0.00    0.001616         107        15           sched_getaffinity
  0.00    0.001517         108        14           gettid
  0.00    0.001516         108        14           prctl
  0.00    0.000824         117         7           munmap
  0.00    0.000317          39         8           pwrite64
  0.00    0.000174          43         4           openat
  0.00    0.000135          33         4           pread64
  0.00    0.000115         115         1           brk
------ ----------- ----------- --------- --------- ------------------
100.00  143.119346         130   1093845     56101 total
