% time     seconds  usecs/call     calls    errors syscall
------ ----------- ----------- --------- --------- ------------------
 80.44  231.730251        3003     77161      1943 futex
 10.77   31.035952        1551     20005           epoll_wait
  2.13    6.125153         256     23842           fdatasync
  1.48    4.261863          73     58271           openat
  1.41    4.051216         659      6144           fsync
  0.89    2.550894          46     55264           close
  0.75    2.146465          43     49055           pread64
  0.66    1.906704          46     41431           write
  0.55    1.573575          48     32645           pwrite64
  0.35    1.016781          52     19287           recvfrom
  0.28    0.806997          58     13881           sendto
  0.12    0.338983         110      3072           rename
  0.11    0.330239          81      4070           writev
  0.04    0.101330          64      1574           mprotect
  0.02    0.067027          75       882           sched_yield
  0.00    0.013909          62       222           setsockopt
  0.00    0.007074          52       136           epoll_ctl
  0.00    0.005166          70        73         5 accept4
  0.00    0.002824          64        44           rt_sigprocmask
  0.00    0.002774          84        33           mmap
  0.00    0.002220         201        11           clone3
  0.00    0.001428          43        33           sigaltstack
  0.00    0.000823          74        11           rseq
  0.00    0.000788          71        11           prctl
  0.00    0.000768          47        16           munmap
  0.00    0.000726          66        11           set_robust_list
  0.00    0.000678          61        11           sched_getaffinity
  0.00    0.000672          61        11           getrandom
  0.00    0.000533          48        11           gettid
  0.00    0.000324         107         3         3 connect
  0.00    0.000311          62         5           brk
  0.00    0.000311          28        11           madvise
  0.00    0.000304          50         6           fcntl
  0.00    0.000265          88         3           socket
  0.00    0.000206          68         3           getpeername
  0.00    0.000142          47         3           getsockopt
  0.00    0.000132          44         3           getsockname
------ ----------- ----------- --------- --------- ------------------
100.00  288.085806         707    407255      1951 total
