% time     seconds  usecs/call     calls    errors syscall
------ ----------- ----------- --------- --------- ------------------
 67.10   87.538649        2904     30136      2295 futex
 21.44   27.970419        1916     14591           epoll_wait
  4.22    5.510120          32    168695           write
  2.24    2.916708          42     68472           recvfrom
  2.19    2.862105          49     57662           sendto
  1.86    2.431195         476      5103           fdatasync
  0.20    0.263463          51      5094           pwrite64
  0.17    0.217505          60      3608           writev
  0.15    0.196522          45      4310           openat
  0.13    0.171015          40      4245           pread64
  0.13    0.168567          37      4494           close
  0.05    0.069677         249       279         7 accept4
  0.03    0.043081        1795        24           fsync
  0.03    0.038369          46       828           setsockopt
  0.02    0.021554          46       462           epoll_ctl
  0.01    0.012473          38       325           mprotect
  0.01    0.009815          44       223           read
  0.00    0.002802          43        65           sched_yield
  0.00    0.001571          42        37           statx
  0.00    0.000948         105         9           ftruncate
  0.00    0.000661          50        13           brk
  0.00    0.000611          67         9           fallocate
  0.00    0.000587          48        12           rt_sigprocmask
  0.00    0.000436         145         3           clone3
  0.00    0.000305          33         9           sigaltstack
  0.00    0.000286          31         9           mmap
  0.00    0.000265          44         6           madvise
  0.00    0.000216          53         4           munmap
  0.00    0.000208          69         3           rename
  0.00    0.000198          49         4           fcntl
  0.00    0.000194          97         2         2 connect
  0.00    0.000121          40         3           rseq
  0.00    0.000113          37         3           set_robust_list
  0.00    0.000101          33         3           prctl
  0.00    0.000099          49         2           getpeername
  0.00    0.000098          32         3           sched_getaffinity
  0.00    0.000084          41         2           socket
  0.00    0.000083          41         2           getsockname
  0.00    0.000079          26         3           gettid
  0.00    0.000078          25         3           getrandom
  0.00    0.000068          34         2           getsockopt
------ ----------- ----------- --------- --------- ------------------
100.00  130.451450         353    368762      2304 total
