% time     seconds  usecs/call     calls    errors syscall
------ ----------- ----------- --------- --------- ------------------
 67.84  171.403696        4092     41881      2609 futex
 15.77   39.841399          91    434025     13303 sendfile
  6.96   17.590033         640     27474           epoll_wait
  2.42    6.113918         459     13303           poll
  2.09    5.276631          79     66452         1 recvfrom
  1.62    4.082091      510261         8           restart_syscall
  1.23    3.110771          79     38915           sendto
  1.08    2.740596         105     26056           writev
  0.42    1.060101          82     12855           dup
  0.37    0.936778          72     12892           close
  0.14    0.349827          85      4112           sched_yield
  0.02    0.058742          86       677           write
  0.01    0.018966          57       330           setsockopt
  0.00    0.007908         183        43           rt_sigprocmask
  0.00    0.005604          58        96           epoll_ctl
  0.00    0.004717         120        39           mprotect
  0.00    0.004652         357        13           clone3
  0.00    0.004373         182        24           fdatasync
  0.00    0.004368          62        70        22 accept4
  0.00    0.003997          64        62           fcntl
  0.00    0.003700          94        39           mmap
  0.00    0.003493         349        10           munmap
  0.00    0.002805          90        31        31 connect
  0.00    0.002521          84        30           sigaltstack
  0.00    0.002375          76        31           socket
  0.00    0.002027          65        31           getpeername
  0.00    0.001928          62        31           getsockopt
  0.00    0.001783          57        31           getsockname
  0.00    0.001467         104        14           sched_getaffinity
  0.00    0.001251          96        13           rseq
  0.00    0.001131          87        13           set_robust_list
  0.00    0.001089          83        13           gettid
  0.00    0.001060          81        13           prctl
  0.00    0.000972          40        24           pwrite64
  0.00    0.000847          42        20           openat
  0.00    0.000712          35        20           pread64
  0.00    0.000251          83         3           brk
  0.00    0.000214          53         4           madvise
------ ----------- ----------- --------- --------- ------------------
100.00  252.648792         371    679698     15966 total
