% time     seconds  usecs/call     calls    errors syscall
------ ----------- ----------- --------- --------- ------------------
 68.61  168.295518        3486     48273      2968 futex
 16.64   40.824392          82    494481      7430 sendfile
  6.89   16.902893         544     31042           epoll_wait
  2.27    5.557133          72     76496           recvfrom
  1.87    4.597667      510851         9           restart_syscall
  1.35    3.310298          73     44908           sendto
  1.13    2.777034          92     30052           writev
  0.46    1.135101          76     14852           dup
  0.40    0.968931          65     14889           close
  0.20    0.486657          65      7430           poll
  0.14    0.336833          74      4519           sched_yield
  0.02    0.042270          72       586           write
  0.01    0.015430          64       240           setsockopt
  0.00    0.006099         254        24           fdatasync
  0.00    0.004635          60        76           epoll_ctl
  0.00    0.003772          63        59        21 accept4
  0.00    0.003111          97        32           rt_sigprocmask
  0.00    0.002966          70        42           fcntl
  0.00    0.002575          95        27           mprotect
  0.00    0.002443          90        27           mmap
  0.00    0.002349         260         9           clone3
  0.00    0.002084          99        21           socket
  0.00    0.001791          85        21        21 connect
  0.00    0.001676          72        23           sigaltstack
  0.00    0.001251          59        21           getsockopt
  0.00    0.001184          56        21           getsockname
  0.00    0.001179          56        21           getpeername
  0.00    0.000898          89        10           munmap
  0.00    0.000831          34        24           pwrite64
  0.00    0.000792          39        20           openat
  0.00    0.000788          87         9           set_robust_list
  0.00    0.000742          82         9           prctl
  0.00    0.000739          82         9           rseq
  0.00    0.000735          81         9           gettid
  0.00    0.000706          35        20           pread64
  0.00    0.000689          68        10           sched_getaffinity
  0.00    0.000615         102         6           madvise
  0.00    0.000228          75         3           brk
------ ----------- ----------- --------- --------- ------------------
100.00  245.295031         319    768330     10440 total
