% time     seconds  usecs/call     calls    errors syscall
------ ----------- ----------- --------- --------- ------------------
 49.02   84.139070          90    930727     67309 sendfile
 39.26   67.381584        1061     63452      1290 futex
  3.01    5.172808          76     67309           poll
  2.06    3.542000          78     45077           epoll_wait
  1.21    2.081983          79     26348           close
  1.18    2.019874      504968         4           restart_syscall
  1.09    1.865560          70     26295           sendto
  1.01    1.730260          64     26918           recvfrom
  0.97    1.658317          63     26291           dup
  0.63    1.078888         101     10654           sched_yield
  0.48    0.816638          73     11099           write
  0.05    0.079748       39873         2           syncfs
  0.01    0.012825         801        16           fsync
  0.00    0.005701         135        42         2 openat
  0.00    0.005527         345        16           clone3
  0.00    0.005382         112        48           mprotect
  0.00    0.005343         111        48           rt_sigprocmask
  0.00    0.005195         108        48           mmap
  0.00    0.004960          97        51           setsockopt
  0.00    0.003196          99        32           sigaltstack
  0.00    0.002728         170        16           rename
  0.00    0.002653        1326         2           unlink
  0.00    0.002464          72        34           epoll_ctl
  0.00    0.002232         139        16           getdents64
  0.00    0.001929          96        20         3 accept4
  0.00    0.001839         114        16           gettid
  0.00    0.001796         105        17           sched_getaffinity
  0.00    0.001706         106        16           rseq
  0.00    0.001643         102        16           set_robust_list
  0.00    0.001351          84        16           prctl
  0.00    0.001274         159         8           newfstatat
  0.00    0.000898         112         8           munmap
  0.00    0.000432          71         6           statx
  0.00    0.000335         167         2           getrandom
------ ----------- ----------- --------- --------- ------------------
100.00  171.638138         139   1234670     68604 total
