% time     seconds  usecs/call     calls    errors syscall
------ ----------- ----------- --------- --------- ------------------
 80.55  224.934425        2761     81457      1812 futex
 10.63   29.673275        1429     20760           epoll_wait
  2.26    6.312634         259     24370           fdatasync
  1.42    3.955113          66     59246           openat
  1.31    3.650803         594      6144           fsync
  0.85    2.369788          42     56240           close
  0.78    2.171079          50     43034           write
  0.70    1.963404          39     50030           pread64
  0.57    1.602067          47     33563           pwrite64
  0.36    1.008848          54     18573           recvfrom
  0.29    0.813777          59     13619           sendto
  0.11    0.318065         103      3072           rename
  0.11    0.293892          81      3613           writev
  0.04    0.104095          65      1589           mprotect
  0.02    0.046525          70       660           sched_yield
  0.00    0.012515          57       216           setsockopt
  0.00    0.007379          54       136           epoll_ctl
  0.00    0.005280          72        73         5 accept4
  0.00    0.002416          60        40           rt_sigprocmask
  0.00    0.001967          65        30           mmap
  0.00    0.001839         183        10           clone3
  0.00    0.001426          47        30           sigaltstack
  0.00    0.000769          76        10           set_robust_list
  0.00    0.000680          67        10           rseq
  0.00    0.000659          47        14           munmap
  0.00    0.000636          63        10           sched_getaffinity
  0.00    0.000577          57        10           prctl
  0.00    0.000558          55        10           getrandom
  0.00    0.000552          55        10           gettid
  0.00    0.000345          57         6           brk
  0.00    0.000297          29        10           madvise
  0.00    0.000158          79         2           getpeername
  0.00    0.000155          77         2         2 connect
  0.00    0.000144          72         2           getsockopt
  0.00    0.000133          66         2           getsockname
  0.00    0.000129          32         4           fcntl
  0.00    0.000098          48         2           socket
------ ----------- ----------- --------- --------- ------------------
100.00  279.256504         670    416609      1819 total
