% time     seconds  usecs/call     calls    errors syscall
------ ----------- ----------- --------- --------- ------------------
 54.16   82.510907          94    874493     70971 sendfile
 31.93   48.636525         821     59231      1126 futex
  4.26    6.492947          91     70971           poll
  2.32    3.530840          81     43299           epoll_wait
  1.33    2.026552      506638         4           restart_syscall
  1.30    1.976365          80     24522           close
  1.21    1.838557          75     24479           sendto
  1.12    1.709469          68     25056           recvfrom
  1.09    1.659255          67     24475           dup
  0.71    1.081994         107     10105           sched_yield
  0.49    0.748472          74     10031           write
  0.04    0.060229       30114         2           syncfs
  0.00    0.006434         536        12           fsync
  0.00    0.005253         125        42           rt_sigprocmask
  0.00    0.005048         157        32         2 openat
  0.00    0.004909         350        14           clone3
  0.00    0.004880         116        42           mprotect
  0.00    0.004803         114        42           mmap
  0.00    0.004769          93        51           setsockopt
  0.00    0.003164         112        28           sigaltstack
  0.00    0.002555        1277         2           unlink
  0.00    0.002465         205        12           rename
  0.00    0.002454         122        20         3 accept4
  0.00    0.002369          69        34           epoll_ctl
  0.00    0.001984         165        12           getdents64
  0.00    0.001774         126        14           rseq
  0.00    0.001727         123        14           set_robust_list
  0.00    0.001665         110        15           sched_getaffinity
  0.00    0.001609         114        14           gettid
  0.00    0.001596         113        14           prctl
  0.00    0.001002         167         6           newfstatat
  0.00    0.000690          98         7           munmap
  0.00    0.000393          98         4           statx
  0.00    0.000082          82         1           getrandom
------ ----------- ----------- --------- --------- ------------------
100.00  152.333735         130   1167100     72102 total
