% time     seconds  usecs/call     calls    errors syscall
------ ----------- ----------- --------- --------- ------------------
 68.92   48.870938         641     76212      5710 futex
 10.78    7.646552         363     21010           epoll_wait
  8.72    6.186075         259     23867           fdatasync
  2.28    1.616158          52     30602           write
  2.05    1.455158         710      2048           fsync
  1.72    1.219075          81     15017           openat
  1.65    1.168754          48     23890           pwrite64
  0.94    0.668556          55     11945           sendto
  0.93    0.659136          46     14057           close
  0.92    0.654238          49     13095         1 recvfrom
  0.85    0.606056          50     11945           pread64
  0.12    0.086338          84      1024           rename
  0.06    0.043191          49       874           mprotect
  0.02    0.010704          55       192           setsockopt
  0.01    0.006074          47       128           epoll_ctl
  0.01    0.004871          41       116           sched_yield
  0.01    0.003803          56        67         3 accept4
  0.00    0.000433          54         8           rt_sigprocmask
  0.00    0.000328         164         2           clone3
  0.00    0.000258          43         6           mmap
  0.00    0.000224          37         6           sigaltstack
  0.00    0.000186          62         3           brk
  0.00    0.000118          58         2           set_robust_list
  0.00    0.000115          38         3           munmap
  0.00    0.000092          46         2           sched_getaffinity
  0.00    0.000084          42         2           gettid
  0.00    0.000084          42         2           prctl
  0.00    0.000079          39         2           madvise
  0.00    0.000073          36         2           getrandom
  0.00    0.000067          33         2           rseq
------ ----------- ----------- --------- --------- ------------------
100.00   70.907820         288    246131      5714 total
