% time     seconds  usecs/call     calls    errors syscall
------ ----------- ----------- --------- --------- ------------------
 43.77   77.259959        2083     37075       646 futex
 42.47   74.966024         134    559364     47026 sendfile
  5.40    9.535023         202     47026           poll
  1.65    2.918480         130     22376           epoll_wait
  1.17    2.056442         131     15662           sendto
  1.15    2.026442      506610         4           restart_syscall
  1.10    1.937715         123     15705           close
  1.07    1.895542         118     16035         1 recvfrom
  1.03    1.819967         116     15658           dup
  0.75    1.326474         147      9019           sched_yield
  0.33    0.574130         112      5085           write
  0.07    0.117788       58893         2           syncfs
  0.01    0.011204         933        12           fsync
  0.00    0.006547         136        48           mmap
  0.00    0.006343         132        48           rt_sigprocmask
  0.00    0.005688         118        48           mprotect
  0.00    0.004790         149        32         2 openat
  0.00    0.004161         260        16           clone3
  0.00    0.003462         108        32           sigaltstack
  0.00    0.002351        1175         2           unlink
  0.00    0.002262         141        16           gettid
  0.00    0.001994         124        16           rseq
  0.00    0.001939         121        16           set_robust_list
  0.00    0.001788         105        17           sched_getaffinity
  0.00    0.001760         146        12           getdents64
  0.00    0.001547         128        12           rename
  0.00    0.001470          91        16           prctl
  0.00    0.001300          38        34           epoll_ctl
  0.00    0.001002         167         6           newfstatat
  0.00    0.000902          17        51           setsockopt
  0.00    0.000840         104         8           munmap
  0.00    0.000655          29        22         5 accept4
  0.00    0.000425         106         4           statx
  0.00    0.000052          51         1           getrandom
------ ----------- ----------- --------- --------- ------------------
100.00  176.496468         237    743480     47680 total
